image: ctcv_map.pgm
resolution: 0.050000
origin: [-29.675, -7.4, 0.000000]
negate: 0
occupied_thresh: 0.65
free_thresh: 0.196

